             0    0.089619803    -0.66443806              0    0.089619803    -0.66443806              0              1
    0.05859375    0.089566858    -0.66573429    0.001347309    0.089566858    -0.66573429    0.001347309              1
    0.10546875    0.089608811    -0.66867453   0.0042271739    0.089608811    -0.66867453   0.0042271739              1
    0.15234375    0.089955673     -0.6733462   0.0085573538    0.089955673     -0.6733462   0.0085573538              1
     0.2109375    0.091072785    -0.68183582    0.015945897    0.091072785    -0.68183582    0.015945897              1
     0.2578125    0.092653722    -0.69091591     0.02351414    0.092653722    -0.69091591     0.02351414              1
     0.3046875    0.094977585    -0.70235628    0.032693443    0.094977585    -0.70235628    0.032693443              1
     0.3515625    0.098225213    -0.71653191    0.043647591    0.098225213    -0.71653191    0.043647591              1
    0.41015625     0.10400834    -0.73879513    0.060134004     0.10400834    -0.73879513    0.060134004              1
    0.45703125     0.11053022    -0.76096999    0.075827646     0.11053022    -0.76096999    0.075827646              1
    0.50390625     0.11943686    -0.78799747    0.094004053     0.11943686    -0.78799747    0.094004053              1
    0.55078125     0.13171901    -0.82105526     0.11487903     0.13171901    -0.82105526     0.11487903              1
      0.609375     0.15415689    -0.87367171     0.14497873     0.15415689    -0.87367171     0.14497873              1
       0.65625     0.18063432    -0.92722852     0.17212145     0.18063432    -0.92722852     0.17212145              1
      0.703125     0.21849868    -0.99424374     0.20134312     0.21849868    -0.99424374     0.20134312              1
    0.76171875     0.28979322       -1.10241     0.23819644     0.28979322       -1.10241     0.23819644              1
    0.80859375     0.37488047      -1.212849     0.26344074     0.37488047      -1.212849     0.26344074              1
    0.85546875     0.49438474     -1.3465721      0.2774818     0.49438474     -1.3465721      0.2774818              1
    0.90234375     0.65206457     -1.4996684     0.27249177     0.65206457     -1.4996684     0.27249177              1
     0.9609375     0.87926407      -1.693245     0.23827421     0.87926407      -1.693245     0.23827421              1
     1.0078125      1.0424915     -1.8171051     0.19863988      1.0424915     -1.8171051     0.19863988              1
     1.0546875      1.1555865     -1.8899813     0.15892888      1.1555865     -1.8899813     0.15892888              1
     1.1015625      1.2097418     -1.9092149     0.12472355      1.2097418     -1.9092149     0.12472355              1
     1.1601562      1.2053013     -1.8752416    0.095171564      1.2053013     -1.8752416    0.095171564              1
     1.2070312      1.1617981     -1.8187844    0.082523261      1.1617981     -1.8187844    0.082523261              1
     1.2539062      1.0971115     -1.7500707    0.079033402      1.0971115     -1.7500707    0.079033402              1
     1.3007812      1.0226878     -1.6779378    0.082073661      1.0226878     -1.6779378    0.082073661              1
      1.359375     0.92825074     -1.5919907    0.090941577     0.92825074     -1.5919907    0.090941577              1
       1.40625     0.85869828     -1.5298728    0.098442756     0.85869828     -1.5298728    0.098442756              1
      1.453125     0.79731346     -1.4749228     0.10473194     0.79731346     -1.4749228     0.10473194              1
     1.5117188     0.73119062     -1.4159895     0.11197831     0.73119062     -1.4159895     0.11197831              1
     1.5585938     0.68665297     -1.3763263     0.11699706     0.68665297     -1.3763263     0.11699706              1
