1449202
907322
766294
297545
35249
1758541
1715365
1470142
1217081
764728
715657
565663
509157
478104
377056
1974210
1750257
1414202
1193339
775543
746653
375361
281778
233313
199904
197994
144836
38771
1999321
1829009
1746406
1588411
1513842
726142
349418
124296
86824
1875280
1721969
1709854
1668788
1599094
1485082
1461491
1434630
1305734
1190294
1167601
1132144
1059331
854617
775781
681608
571676
539089
252113
64331
1835241
1553827
1372414
939279
707096
447194
337230
109880
1909875
1653877
1537114
1114197
271674
50036
1979540
1868276
1381570
1186363
1073103
931750
936275
804901
631704
355813
288420
272133
157570
66102
1657451
1573068
1369721
1256988
1056057
849541
490221
465613
1770553
1672787
1628644
1417048
1043655
661717
485715
405848
1366228
836715
834217
618633
414019
187378
61380
1976385
1948726
1942825
1816457
1396579
1329186
992183
944592
867127
809403
670211
633902
597705
528444
216803
205270
168942
1491287
1231575
1098681
1024273
843919
683199
556232
448891
397434
351916
1833298
1721370
1688293
1347322
1192088
1015023
645875
583241
237676
100
1931010
1202548
951369
761082
368110
39089
1795588
1764237
1745478
1428468
864702
664468
193003
23234
1427394
969179
893741
417244
298244
1908613
1638135
1638453
1547456
1455240
1415520
1049671
900007
909957
618348
525666
180904
1785078
1746918
1431156
1290068
1163428
99712
42030
1822037
1796392
1462955
1408125
1223783
1192585
1095842
1030553
897505
860500
734844
487839
420035
408519
389891
304448
260313
75315
32775
1828237
1812683
1483794
1405051
920876
890286
313468
1975082
1733784
1385254
1341565
1274468
659695
306270
298728
140129
32933
1985992
1754179
1627320
1425320
1322695
1257761
346276
288490
207893
1541982
1260309
1037739
915957
516470
220453
124575
1944844
1657034
1634867
1057280
1031146
924594
900375
850988
675514
534358
407939
200845
1937999
1696848
1657082
1546180
1485920
1129212
1018116
768618
674215
553836
1993672
1621103
1591412
1438169
1213398
1087239
1032420
977505
926851
728732
483258
335446
124922
